1992.9595   -5.778
1992.9866   -7.446
1993.0138   -9.101
1993.0409  -11.655
1993.0681  -11.133
1993.0952   -9.404
1993.1223   -3.555
1993.1495   -2.330
1993.1766   -6.670
1993.2038   -5.692
1993.2309   -2.812
1993.2852   -1.976
1993.3124   -0.355
1993.3395   -5.377
1993.3667   -7.409
1993.3938   -6.439
1993.4210   -1.706
1993.4481    0.344
1993.4753   -1.555
1993.5024   -4.196
1993.5296   -4.868
1993.5839   -2.572
1993.6110   -2.440
1993.6382   -2.339
1993.6653   -6.283
1993.6925   -7.392
1993.7196   -6.414
1993.7468   -0.844
1993.7739    1.717
1993.8010   -1.980
1993.8553   -7.265
1993.8825   -4.645
1993.9096   -2.676
1993.9368   -0.786
1993.9639    1.508
1993.9911   -3.773
1994.0182   -5.785
1994.0454   -1.117
1994.0725    2.565
1994.0997   -1.009
1994.1268   -6.350
1994.1540  -10.501
1994.1811   -2.435
1994.2354    1.734
1994.2626    0.821
1994.2897   -1.080
1994.3169   -5.627
1994.3440   -4.460
1994.3712   -1.625
1994.3983   -3.646
1994.4255   -2.230
1994.4526   -3.352
1994.5069   -6.132
1994.5340   -1.296
1994.5612    0.385
1994.5883   -1.517
1994.6155   -7.661
1994.6426   -8.050
1994.6698   -8.203
1994.6969   -0.362
1994.7241   -0.823
1994.7512   -4.644
1994.7784   -5.371
1994.8055   -4.541
1994.8327   -5.704
1994.8870   -3.293
1994.9141  -10.251
1994.9413   -7.914
1994.9684   -5.078
1994.9956   -0.121
1995.0227    2.581
1995.0499    2.513
1995.0770    3.968
1995.1042   -3.215
1995.1313   -8.688
1995.1585   -1.241
1995.2128    5.434
1995.2399   -2.727
1995.2670   -4.339
1995.2942   -5.928
1995.3213   -1.235
1995.3756   -1.637
1995.4028   -1.027
1995.4299   -1.640
1995.4571   -3.870
1995.4842   -2.285
1995.5385   -0.323
1995.5657   -2.836
1995.5928   -6.269
1995.6200   -6.976
1995.6471   -4.635
1995.6743    0.531
1995.7014    1.756
1995.7286    2.016
1995.7557   -4.195
1995.7829   -5.671
1995.8372   -1.095
1995.8643    0.184
1995.8915   -0.976
1995.9458   -6.157
1995.9729    3.609
1996.0000    2.218
1996.0272   -1.778
1996.0543   -4.857
1996.0815   -6.816
1996.1086   -4.200
1996.1629    5.462
1996.1901    0.502
1996.2172   -0.054
1996.2444   -1.867
1996.2715   -2.828
1996.2987    1.391
1996.3258    4.566
1996.3530    2.788
1996.3801   -0.219
1996.4073   -0.720
1996.4344    0.972
1996.4887    7.467
1996.5159    4.778
1996.5430    2.966
1996.5702    1.432
1996.5973    1.926
1996.6245    1.792
1996.6516    2.893
1996.6788    1.593
1996.7059   -0.352
1996.7330   -2.001
1996.7602   -1.271
1996.8145   -0.060
1996.8416    3.384
1996.8688    1.159
1996.8959   -2.808
1996.9231    0.442
1996.9502    4.832
1996.9774    3.668
1997.0045    1.738
1997.0317   -0.671
1997.0588   -4.856
1997.0860    1.153
1997.1403    3.232
1997.1674    1.592
1997.1946   -1.732
1997.2217   -1.087
1997.2489    2.712
1997.2760    7.329
1997.3032    3.779
1997.3303    2.713
1997.3575    6.897
1997.3846    2.010
1997.4118    7.598
1997.4660   11.246
1997.4932   10.103
1997.5203    7.742
1997.5475    8.375
1997.5746   11.117
1997.6289   11.135
1997.6561   12.868
1997.6832   10.444
1997.7104    9.915
1997.7375   15.414
1997.7918   14.736
1997.8190   12.854
1997.8461   11.375
1997.8733    8.825
1997.9004   11.134
1997.9276   14.681
1997.9547   11.102
1997.9819   10.666
1998.0090    4.844
1998.0362    8.856
1998.0905   14.593
1998.1176   13.776
1998.1448   11.142
1998.1719    7.254
1998.1990   10.363
1998.2262   12.188
1998.2533   17.396
1998.2805   18.027
1998.3076   12.551
1998.3348   13.309
1998.3619   10.550
1998.4162   11.934
1998.4434   12.412
1998.4705    8.174
1998.4977    6.576
1998.5248    7.157
1998.5520    7.828
1998.6063    7.433
1998.6334    4.626
1998.6606    6.146
1998.6877    6.539
1998.7149    9.083
1998.7420   10.815
1998.7692   10.733
1998.8235    6.632
1998.8506    7.382
1998.8777   13.326
1998.9049    7.488
1998.9320   16.729
1998.9592   10.938
1998.9863    6.817
1999.0135    8.947
1999.0406   14.802
1999.0949   10.283
1999.1221   10.239
1999.1492    7.797
1999.1764   10.946
1999.2035   12.329
1999.2307   15.608
1999.2578   12.037
1999.2850    9.423
1999.3393   10.476
1999.3664   12.725
1999.3936   11.415
1999.4207   13.546
1999.4479    7.380
1999.4750    5.993
1999.5022    8.961
1999.5293   14.698
1999.5565   15.806
1999.5836   12.908
1999.6107    7.917
1999.6379   12.051
1999.6922   12.730
1999.7193   16.082
1999.7465   14.137
1999.7736   15.127
1999.8008   11.294
1999.8279   13.340
1999.8551   16.887
1999.8822   15.935
1999.9094   13.536
1999.9637   13.775
1999.9908   17.418
2000.0180   17.651
2000.0451   18.003
2000.0723   16.319
2000.0994   10.947
2000.1266   11.964
2000.1537   17.943
2000.1809   19.080
2000.2080   18.548
2000.2352   19.619
2000.2895   14.554
2000.3166   15.296
2000.3437   14.383
2000.3709   15.597
2000.3980   14.340
2000.4252   11.681
2000.4523   10.315
2000.4795   13.704
2000.5066   15.485
2000.5338   17.412
2000.5881    8.101
2000.6152   14.307
2000.6424   17.954
2000.6695   16.302
2000.6967   15.935
2000.7238   18.088
2000.7510   17.487
2000.7781   18.202
2000.8053   19.287
2000.8596   21.347
2000.8867   17.214
2000.9139   17.860
2000.9410   15.058
2000.9682   17.655
2000.9953   22.148
2001.0225   17.936
2001.0767   15.257
2001.1039   19.171
2001.1310   20.022
2001.1582   24.261
2001.1853   24.554
2001.2125   18.155
2001.2396   19.217
2001.2668   20.060
2001.2939   24.525
2001.3211   24.038
2001.3482   20.498
2001.3754   18.479
2001.4025   16.210
2001.4297   17.849
2001.4568   20.560
2001.4840   25.469
2001.5111   25.954
2001.5383   23.392
2001.5654   17.347
2001.5926   22.954
2001.6197   23.086
2001.6469   23.569
2001.6740   22.783
2001.7012   22.056
2001.7283   22.458
2001.7555   25.027
2001.7826   24.118
2001.8097   22.559
2001.8369   25.913
2001.8640   23.310
2001.8912   20.899
2001.9183   21.011
2001.9455   21.951
2001.9726   24.081
2001.9998   24.939
2002.0269   18.390
2002.0541   19.588
2002.0812   27.013
2002.1084   29.891
2002.1355   28.315
2002.1627   23.506
2002.1898   17.984
2002.2170   21.019
2002.2441   23.251
2002.2713   29.322
2002.2984   25.801
2002.3256   25.373
2002.3527   20.354
2002.3799   22.959
2002.4070   25.801
2002.4342   25.976
2002.4613   22.917
2002.4885   26.356
2002.5156   25.601
2002.5427   26.123
2002.5699   29.755
2002.5970   33.159
2002.6242   33.147
2002.6513   26.545
2002.6785   22.925
2002.7056   25.153
2002.7328   30.975
2002.7599   29.156
2002.7871   30.662
2002.8142   30.986
2002.8414   23.605
2002.8685   25.551
2002.8957   33.627
2002.9228   30.308
2002.9500   28.880
2002.9771   27.036
2003.0043   24.215
2003.0314   23.930
2003.0586   32.668
2003.0857   35.092
2003.1129   34.688
2003.1400   23.859
2003.1672   26.289
2003.1943   28.771
2003.2214   31.963
2003.2486   32.667
2003.2757   28.060
2003.3029   26.456
2003.3300   26.234
2003.3572   26.426
2003.3843   30.539
2003.4115   31.762
2003.4386   25.219
2003.4658   25.533
2003.4929   24.065
2003.5201   26.101
2003.5472   31.732
2003.5744   31.297
2003.6015   29.390
2003.6287   23.233
2003.6558   25.211
2003.6830   31.638
2003.7101   31.776
2003.7373   30.257
2003.7644   30.278
2003.7916   26.136
2003.8187   27.112
2003.8459   27.694
2003.8730   30.450
2003.9273   30.313
2003.9544   26.972
2003.9816   25.252
2004.0087   30.555
2004.0359   36.147
2004.0630   35.978
2004.0902   32.101
2004.1173   20.599
2004.1445   31.149
2004.1716   31.173
2004.1988   34.268
2004.2259   33.276
2004.2531   31.344
2004.2802   28.511
2004.3074   34.420
2004.3345   28.835
2004.3617   30.803
2004.3888   28.295
2004.4160   27.317
2004.4431   26.104
2004.4703   29.284
2004.4974   36.068
2004.5246   36.786
2004.5517   33.345
2004.5789   29.089
2004.6060   30.217
2004.6332   31.942
2004.6603   33.898
2004.6874   38.762
2004.7146   39.002
2004.7417   29.252
2004.7689   30.906
2004.7960   30.626
2004.8232   32.521
2004.8503   35.678
2004.8775   35.554
2004.9046   29.405
2004.9318   30.323
2004.9589   33.487
2004.9861   42.469
2005.0132   36.129
2005.0404   33.297
2005.0675   33.414
2005.0947   32.290
2005.1218   35.030
2005.1490   38.429
2005.1761   43.911
2005.2033   41.577
2005.2304   29.802
2005.2576   30.498
2005.2847   38.979
2005.3119   35.606
2005.3390   37.355
2005.3662   38.339
2005.3933   34.963
2005.4204   33.891
2005.4476   35.774
2005.4747   40.234
2005.5019   40.237
2005.5290   38.357
2005.5562   33.974
2005.5833   37.391
2005.6105   34.535
2005.6376   36.509
2005.6648   40.310
2005.6919   36.402
2005.7734   36.663
2005.8005   38.144
2005.8277   38.581
2005.8548   40.493
2005.8820   39.549
2005.9091   39.093
2005.9363   38.260
2005.9634   42.880
2005.9906   42.107
2006.0177   35.038
2006.0449   33.195
2006.0720   35.657
2006.0992   37.542
2006.1263   39.955
2006.1534   39.409
2006.1806   39.899
2006.2077   31.203
2006.2349   32.382
2006.2620   37.187
2006.2892   39.247
2006.3163   36.034
2006.3435   33.840
2006.3706   36.392
2006.3978   39.467
2006.4249   37.663
2006.4521   41.033
2006.4792   42.610
2006.5064   39.887
2006.5335   37.232
2006.5607   39.413
2006.5878   42.138
2006.6150   38.335
2006.6421   39.655
2006.6693   38.391
2006.6964   37.586
2006.7236   38.441
2006.7507   40.344
2006.7779   42.514
2006.8050   42.748
2006.8864   39.685
2006.9136   37.920
2006.9407   45.274
2006.9679   42.144
2006.9950   36.803
2007.0222   33.996
2007.0493   32.035
2007.0765   39.760
2007.1036   40.440
2007.1308   38.445
2007.1579   39.986
2007.1851   33.859
2007.2122   34.959
2007.2394   40.330
2007.2665   45.186
2007.2937   41.886
2007.3208   37.567
2007.3480   31.655
2007.3751   37.512
2007.4023   41.558
2007.4294   41.269
2007.4566   39.857
2007.4837   36.940
2007.5109   34.213
2007.5380   36.167
2007.5651   37.814
2007.5923   39.368
2007.6194   39.874
2007.6466   33.313
2007.6737   30.432
2007.7009   35.052
2007.7280   39.855
2007.7552   41.072
2007.7823   38.305
2007.8095   36.000
2007.8366   34.533
2007.8638   40.087
2007.8909   45.015
2007.9181   43.579
2007.9452   41.760
2007.9724   33.606
2007.9995   33.538
2008.0267   38.058
2008.0538   43.619
2008.0810   43.324
2008.1081   35.215
2008.1353   36.278
2008.1624   34.610
2008.1896   39.711
2008.2167   42.808
2008.2439   42.572
2008.2710   39.419
2008.2981   38.272
2008.3253   34.680
2008.3796   47.640
2008.4067   46.927
2008.4339   44.099
2008.4610   42.524
2008.4882   43.637
2008.5153   44.500
2008.5425   45.998
2008.5696   44.440
2008.5968   40.794
2008.6239   40.012
2008.6511   39.104
2008.6782   41.804
2008.7054   41.626
2008.7325   43.455
2008.7597   41.768
2008.7868   39.558
2008.8140   41.133
2008.8411   42.975
2008.8683   45.947
2008.8954   43.679
2008.9226   45.231
2008.9497   40.788
2008.9769   40.144
2009.0040   41.374
2009.0311   45.124
2009.0583   46.836
2009.0854   40.053
2009.1126   37.142
2009.1397   43.453
2009.1669   46.975
2009.1940   48.092
2009.2212   47.976
2009.2483   44.359
2009.2755   41.874
2009.3026   43.524
2009.3298   47.244
2009.3569   50.739
2009.3841   44.947
2009.4112   40.378
2009.4384   42.937
2009.4655   45.109
2009.4927   45.677
2009.5198   44.660
2009.5470   45.332
2009.5741   47.477
2009.6013   42.088
2009.6284   43.232
2009.6556   49.025
2009.6827   50.476
2009.7099   50.810
2009.7370   47.297
2009.7642   45.482
2009.7913   47.592
2009.8184   52.243
2009.8456   54.459
2009.8727   48.906
2009.8999   47.565
2009.9270   45.400
2009.9542   47.711
2009.9813   53.213
2010.0085   49.644
2010.0356   46.822
2010.0628   44.426
2010.0899   41.069
2010.1171   47.889
2010.1442   54.133
2010.1714   55.764
2010.1985   46.949
2010.2257   44.569
2010.2528   45.175
2010.2800   49.072
2010.3071   51.255
2010.3343   52.501
2010.3614   47.689
2010.3886   47.913
2010.4157   47.060
2010.4429   51.577
2010.4700   54.406
2010.4971   53.421
2010.5243   48.021
2010.5514   47.720
2010.5786   47.148
2010.6057   45.531
2010.6329   51.781
2010.6600   45.610
2010.6872   43.594
2010.7143   42.033
2010.7415   41.198
2010.7686   43.273
2010.7958   50.070
2010.8229   48.467
2010.8501   44.197
2010.8772   41.542
2010.9044   39.355
2010.9315   45.394
2010.9587   46.612
2010.9858   46.317
2011.0130   43.678
2011.0401   41.007
2011.0673   40.368
2011.0944   44.768
2011.1216   47.338
2011.1487   47.345
2011.1759   41.617
2011.2030   38.846
2011.2301   39.686
2011.2573   44.351
2011.2844   45.511
2011.3116   45.304
2011.3387   39.865
2011.3659   41.596
2011.3930   43.186
2011.4202   45.715
2011.4473   50.542
2011.4745   50.766
2011.5016   45.198
2011.5288   44.608
2011.5559   46.030
2011.5831   48.302
2011.6102   54.528
2011.6374   51.544
2011.6645   48.190
2011.6917   46.610
2011.7188   46.224
2011.7460   48.847
2011.7731   53.493
2011.8003   53.718
2011.8274   46.727
2011.8546   43.788
2011.8817   44.338
2011.9089   52.848
2011.9360   53.233
2011.9631   49.523
2011.9903   49.004
2012.0174   52.294
2012.0446   52.957
2012.0717   57.784
2012.0989   56.900
2012.1260   55.734
2012.1532   51.571
2012.1803   47.759
2012.2075   52.534
2012.2346   58.623
2012.2618   55.440
2012.2889   53.678
2012.3161   51.970
2012.3432   51.388
2012.3704   55.264
2012.3975   55.821
2012.4247   57.433
2012.4518   60.031
2012.4790   53.643
2012.5061   54.731
2012.5333   61.508
2012.5604   64.025
2012.5876   62.163
2012.6147   60.070
2012.6419   52.437
2012.6690   56.440
2012.6961   57.783
2012.7233   64.647
2012.7504   63.251
2012.7776   60.113
2012.8047   56.350
2012.8319   57.437
2012.8590   59.241
2012.8862   62.952
2012.9133   63.646
2012.9405   61.759
2012.9676   58.556
2012.9948   61.837
2013.0219   62.011
2013.0491   64.469
2013.0762   64.145
2013.1034   61.332
2013.1305   58.324
2013.1577   58.024
2013.1848   63.893
2013.2120   66.534
2013.2663   59.097
2013.2934   55.312
2013.3206   57.962